24.78709341572747 24.78709341572747
2.312007731201554250e+01 8.068156140736585158e+00 2.914664765597592133e+00
3.237857032599818496e-01 1.721972617747309808e+00 1.144323571805440087e+00
3.355592800652762442e-01 2.853472448272156292e+00 3.994576318160622197e+00
3.379458940442343073e-01 4.077985067344073400e+00 2.298477898901153171e+00
3.103642157290565917e-01 5.168349366962829983e+00 3.748940766093993293e+00
3.456926173685487269e-01 6.251135526543465382e+00 5.106363260792925907e+00
3.175211284160189829e-01 7.456630402960357173e+00 2.106352110843608738e+00
3.773002471995695051e-01 8.543166110968465787e+00 6.160214985260295428e+00
3.227657890549827657e-01 9.737018951439255332e+00 5.793760476244258939e+00
3.627311819340323651e-01 1.087859357873467658e+01 2.346869343634815586e+00
3.647115086343921675e-01 1.205963706672424962e+01 2.725255070217854403e+00
2.623702738852706773e-01 1.318009800680480303e+01 5.801644434627182267e-01
3.297854384914552517e-01 1.434182328439360354e+01 1.887370477728178120e+00
3.190695325114863978e-01 1.544736890577951272e+01 2.398541179346021845e+00
3.600355433687620343e-01 1.661173192955463307e+01 3.658071767369772687e+00
3.262285844078762764e-01 1.769347007562589980e+01 6.096957869846998612e+00
3.389502481685738866e-01 1.891468527471128525e+01 1.078335981191270720e+00
3.952669664927748183e-01 2.005988024119511692e+01 2.957734397444852448e+00
2.760821213783198891e-01 2.117476707025979010e+01 3.940065023140074119e-01
3.704925593574704967e-01 2.231024710504030395e+01 4.488413862783538377e+00
3.194310863975399206e-01 2.354684257398914582e+01 2.238923844675646535e+00
2.393967858109155245e+01 1.931522284070462803e+01 5.980280178118834833e+00
2.378085781786559139e+01 8.992289705396528277e+00 5.161188860076795670e+00
1.376869456448595486e+00 1.137328005762245908e+00 3.184273321518231725e+00
1.290047328909103230e+00 2.306951904965891309e+00 2.316141043840137248e-01
1.275282845379440255e+00 3.454055039056434850e+00 3.798705026824260589e+00
1.325182516963825385e+00 4.570550177923645485e+00 1.975713537692367572e+00
1.316632481484312223e+00 5.801936482444373766e+00 2.137461068999957636e-01
1.336959131093713449e+00 6.834239888105735794e+00 1.287454102408404744e+00
1.290976198874931535e+00 7.976276028502334192e+00 2.084820027368325945e+00
1.294094585825277477e+00 9.184754255622788577e+00 1.098190893653305578e+00
1.312909874051080727e+00 1.033624131658880252e+01 3.818349294583540221e+00
1.314590148622925669e+00 1.140036612193039467e+01 3.606202826984442389e+00
1.339349933728971598e+00 1.258750631846220358e+01 3.631938823089616797e+00
1.341323781702092210e+00 1.374805324471876666e+01 3.437704420314057874e+00
1.274528707596522148e+00 1.491020016431919615e+01 4.392068038627101600e+00
1.319320712933246487e+00 1.604804174885129342e+01 3.326967258633649838e+00
1.348892807843864672e+00 1.714988186184478636e+01 2.374443864480412003e+00
1.301750213560840086e+00 1.827126746600995943e+01 5.660026671396273024e+00
1.344607129660240208e+00 1.951529890230181152e+01 5.711866326495082191e+00
1.320334230906074602e+00 2.066267446309850442e+01 4.431269875356587562e+00
1.325623713119571390e+00 2.176828603531065909e+01 6.252548562696143009e+00
1.313271037474125214e+00 2.285362327192198606e+01 6.760443609664887887e-01
1.358099952938515376e+00 2.406033597654517564e+01 2.455859671275276490e+00
2.414356133987704567e+01 1.408501783297322518e+01 3.971686830432036852e-01
2.256553113762199025e+00 1.735000142789264732e+00 4.823777161255645929e+00
2.324885200584229761e+00 2.862756154815670140e+00 6.859005887200977369e-01
2.347282702472154536e+00 4.025493271095932357e+00 8.667939207411166080e-01
2.293993205585094675e+00 5.141695251991938775e+00 3.874566167814008200e+00
2.378847423964832952e+00 6.285440380668789295e+00 5.555875455069814173e+00
2.309228641427293560e+00 7.467105781491643945e+00 3.376368396541353789e+00
2.306791393967689618e+00 8.591388192143234903e+00 7.431614599573624913e-01
2.300998372898389821e+00 9.714551358651108970e+00 4.279565724775735269e+00
2.373921633800913256e+00 1.086210113388458431e+01 3.485228128744796372e+00
2.306877651280187180e+00 1.208440758718974450e+01 4.315648426481941691e+00
2.335516733841060066e+00 1.312916397651742351e+01 4.668274521069029070e+00
2.311258205863968573e+00 1.439740877051235124e+01 3.332547098007822228e+00
2.317726581335288305e+00 1.543502946313041058e+01 5.037564590104754103e+00
2.310919808913694862e+00 1.661129060705160043e+01 2.014609232153013352e+00
2.283915690688049338e+00 1.773788901605826496e+01 1.201893793570952385e+00
2.320962849744024670e+00 1.892040230312255389e+01 4.071497900397703651e-01
2.346788274398208696e+00 2.008119103247576476e+01 5.466138992562127541e+00
2.266545331298006172e+00 2.125841013635231747e+01 4.149688348197087429e+00
2.316542921639206831e+00 2.235054796652378073e+01 2.821034897853209156e+00
2.317111871798083644e+00 2.350228705950180341e+01 2.027300179873774422e+00
2.330749497382101154e+01 1.341277084106222972e+01 6.039916346617643761e+00
2.376160715603394635e+01 2.335381074450166139e+01 2.695210280104523459e+00
3.298804079468006023e+00 1.146918379650975650e+00 3.700250411537824302e+00
3.306437395928011558e+00 2.289718239437647185e+00 2.327118183531443840e+00
3.307111108848365788e+00 3.463362677458442285e+00 4.663697921254879475e+00
3.319074679857245247e+00 4.589173232421998705e+00 4.281373218812181136e+00
3.354006252609753602e+00 5.737598009677540745e+00 4.316446500796971009e+00
3.301665715481355790e+00 6.883489328719932132e+00 2.759467363424843445e+00
3.265190644867982162e+00 8.062671546333206152e+00 1.597623143379170996e+00
3.317264651245314777e+00 9.168063238273010285e+00 2.138576083357476509e+00
3.300685351744492735e+00 1.033232025344801031e+01 2.209749943550919582e+00
3.309716668465115141e+00 1.146283645985084476e+01 4.324228195036773137e+00
3.263800791943788582e+00 1.265032571992045618e+01 4.588211947805004520e+00
3.343264128770873089e+00 1.372337672827145738e+01 4.574222306829448748e+00
3.293187843415469995e+00 1.490693366451611013e+01 6.114134195430303897e+00
3.311976130384437056e+00 1.605180515925107443e+01 5.166109332759928341e-01
3.295159033294507545e+00 1.722014549236872227e+01 3.520991051855121512e+00
3.355460668058538598e+00 1.838900372729510835e+01 2.134900370042694284e+00
3.261428335800605538e+00 1.951237507223211765e+01 7.635770003775819159e-01
3.321795284642213186e+00 2.060483691201879353e+01 5.745564520430680666e+00
3.270971695686388792e+00 2.176840653405069048e+01 4.641867398253984867e+00
3.325249572292776179e+00 2.288241921632588216e+01 9.887060864731753718e-01
3.257384727980406236e+00 2.412079122653508634e+01 3.492150048323864997e+00
2.399077564485365599e+01 2.107079017111093577e+01 4.147536067173131613e+00
4.242525879994579974e+00 1.746755518336438051e+00 3.886473612398416044e+00
4.278581509703279551e+00 2.807799820817677983e+00 2.226499863129121071e+00
4.349633928372647063e+00 4.016648082329237646e+00 4.420366385395025688e+00
4.291417953997601842e+00 5.122563511589834029e+00 5.914315159437135705e+00
4.362777915186300426e+00 6.342338081290574969e+00 1.058371596766788381e+00
4.321175361600904097e+00 7.504376981957728177e+00 3.659869860444181500e-01
4.243964728433639699e+00 8.574186492955792716e+00 3.462896755357306233e+00
4.311335639700598854e+00 9.784242532119501234e+00 2.360569516416457070e+00
4.282973205961276619e+00 1.090097788338044893e+01 8.203687333528444370e-01
4.233318938958653632e+00 1.205227893638135228e+01 5.044986719778894013e+00
4.273981967527889836e+00 1.323882490958339808e+01 5.416462320678828490e+00
4.309700849550272217e+00 1.432387336398969602e+01 6.225874278475338031e+00
4.299632401130419446e+00 1.549658749561941384e+01 1.796729305001113275e+00
4.312743516033529012e+00 1.656272859768722228e+01 1.452514312421574472e+00
4.309141013928728725e+00 1.780108438382558589e+01 3.789490409388739156e+00
4.264103785460372720e+00 1.890504204720538439e+01 5.647001017963817482e+00
4.276585061618424888e+00 2.010706865043102098e+01 7.174395020663614231e-01
4.323871970810569287e+00 2.118537546010466954e+01 3.406079847972230290e+00
4.292758073127213692e+00 2.228885929228281171e+01 2.453627823622216209e+00
4.287162224522434784e+00 2.351012745885719468e+01 3.505920020016452643e+00
2.392903197440949015e+01 6.838931801852421444e+00 2.658182229016405884e+00
5.430826239130898819e-02 4.006968287548628993e-01 3.883017732020423995e+00
5.252280216915529820e+00 1.202856031222736100e+00 2.843299050833553387e+00
5.310055435931117174e+00 2.300932965180021217e+00 2.340972486169071054e+00
5.279294717133380388e+00 3.434877512253451837e+00 2.702478928426101490e+00
5.246860027841348639e+00 4.627409343067922620e+00 1.903076002284458834e+00
5.288760815868884357e+00 5.754128500969187598e+00 2.979155958218206113e+00
5.308067123206114069e+00 6.863681292408381651e+00 6.124392490786218168e+00
5.366648097548989860e+00 8.017382185092158053e+00 3.519232276848616614e+00
5.296524020090429552e+00 9.141727862760967938e+00 1.297010197149234489e+00
5.265036058538653307e+00 1.026391793112085082e+01 2.169946848429598507e+00
5.291413621002958756e+00 1.145845994704527193e+01 4.182082444983718617e+00
5.265025959915182519e+00 1.265048273284140201e+01 2.174195646063451726e+00
5.310347686137396828e+00 1.370675739358681966e+01 3.697079217500581105e+00
5.253810244538158258e+00 1.485041791665388189e+01 5.854917232972116636e+00
5.337992556800302602e+00 1.606756469811863042e+01 4.992684131403541059e+00
5.295625157893365298e+00 1.719498143089615994e+01 2.993579821294801935e+00
5.273347461863898467e+00 1.834137110709256646e+01 1.184376311212659072e+00
5.268703202327065682e+00 1.949407824665379607e+01 7.344139182019042700e-01
5.316846252604588763e+00 2.056615499106394296e+01 3.814692305349198787e+00
5.306992473828466395e+00 2.176301153962792512e+01 4.571052178574553260e+00
5.282238589377329596e+00 2.293038379656412928e+01 5.939271705099629983e+00
5.291854587094802831e+00 2.407204573464996855e+01 3.689242103818272334e+00
2.361737654147705712e+01 1.001701523812541161e+01 5.442311057385047501e-01
6.237354665370258289e+00 1.683989861069540961e+00 1.033630242338042127e+00
6.290529288845537970e+00 2.911742368321661889e+00 3.313956182686302654e+00
6.338955379477349439e+00 3.963039166589668483e+00 5.708706559917096968e+00
6.349670643158622951e+00 5.161399041262774823e+00 2.396596834108049023e+00
6.321756401330777209e+00 6.309825922803389275e+00 8.614343341207003624e-01
6.299837932452123646e+00 7.483547014163285382e+00 4.268399308024605432e+00
6.326447127417283767e+00 8.549729835844519954e+00 3.109418733787623346e+00
6.299511111427009702e+00 9.746592734716271522e+00 4.602301545000769600e+00
6.268102131933316556e+00 1.081840057216934525e+01 3.570312766187242914e+00
6.275364606809362478e+00 1.204702775775815837e+01 5.661874461393566982e+00
6.288927243287595559e+00 1.317078884562633512e+01 5.370748828960820731e+00
6.257992930243633900e+00 1.431700221602059209e+01 5.250868029125100200e+00
6.266263698961898498e+00 1.550228928683490892e+01 6.234023515886505606e+00
6.336070677801038720e+00 1.661162212720957498e+01 3.762111070837399485e-01
6.324290089114313673e+00 1.780702260917766822e+01 2.344123275646670557e+00
6.325454352661484592e+00 1.896417037580473064e+01 5.295906427911254433e-01
6.289863722343189245e+00 2.005520430030023959e+01 4.846179063186337288e+00
6.331052195112804704e+00 2.118920113906932201e+01 5.514168655965205446e+00
6.306038364945792729e+00 2.239509716188873156e+01 2.689773229476712491e+00
6.321852507512664587e+00 2.345752107485348148e+01 5.248679913147476839e+00
2.305346395101785362e+01 2.173373384919424467e+01 5.056964898135176689e-01
2.389030651080202361e+01 1.791719756731963642e+01 6.208447931516211327e+00
7.254621632318129620e+00 1.195064315342679651e+00 6.817409792420282832e-02
7.341949643312976725e+00 2.287801251824769455e+00 3.540501650470327943e-01
7.268127714554658780e+00 3.459369316142106410e+00 2.847024257543631087e+00
7.226839529503433113e+00 4.618646397220560473e+00 4.840225944444879858e+00
7.259316351302419257e+00 5.667984868873556792e+00 5.602863945318066641e+00
7.253005031234613931e+00 6.887958045432100995e+00 3.681741966766811203e+00
7.279251004698163996e+00 8.040533675943335012e+00 2.884751382526912433e+00
7.258972206174533426e+00 9.123424703062783081e+00 2.205292115396161545e+00
7.250706909705760594e+00 1.036722186781142163e+01 3.728092470776587231e+00
7.249335151424110002e+00 1.152319722015772108e+01 4.493445413138071665e+00
7.266920097014307522e+00 1.260171907223157817e+01 9.701115612827042600e-01
7.297730935340402070e+00 1.376311403089391661e+01 3.391572906298952361e+00
7.275345517469954615e+00 1.491411600378888913e+01 7.959735449583167366e-01
7.305456801277967926e+00 1.610096608077139990e+01 4.881560892590320222e+00
7.253899142877259898e+00 1.719237840298226772e+01 2.650472819888337050e-01
7.278933403283255998e+00 1.833876931265232457e+01 4.599638537096723212e+00
7.265234129842913724e+00 1.946403528135339656e+01 5.519630250508765101e+00
7.218953925786488313e+00 2.066205983411719060e+01 5.182647632719167063e+00
7.240680272924645777e+00 2.176532629037068034e+01 2.095391933539229257e+00
7.283497911536610303e+00 2.291658387248518736e+01 4.509549245030225473e-02
7.298368687788169495e+00 2.404777749321196367e+01 1.289783043841901122e+00
6.776670418259946871e+00 1.985245656713643392e-01 5.263380958096462336e+00
8.283193053321921795e+00 1.658155496417714980e+00 5.517141409068751834e+00
8.211529226467009224e+00 2.901902719601535452e+00 6.048098654618205394e+00
8.296162289075807550e+00 4.001581169545762151e+00 8.786610192660074814e-01
8.270086094856514691e+00 5.152460182854496473e+00 5.519864598783041920e+00
8.275658356362647794e+00 6.339514823580009839e+00 1.529299493426947487e+00
8.290788542017805796e+00 7.453339935191738874e+00 2.406416888259259146e+00
8.239407014103653282e+00 8.655780662814233750e+00 9.156165252598601478e-01
8.279537041936849917e+00 9.711837816091462017e+00 2.187070094934207454e+00
8.225383141100735429e+00 1.086667853715693077e+01 3.939501392710686112e+00
8.268894838553570992e+00 1.203430663827561276e+01 5.249933940404289068e+00
8.265739088903993448e+00 1.315747845960972029e+01 4.805010657680544028e+00
8.250914679516581529e+00 1.437085703257190339e+01 2.089376212701139934e+00
8.306813637241839743e+00 1.546239949207256892e+01 4.759194146029062544e+00
8.204736377243429857e+00 1.661766150354625182e+01 3.491691534678182496e+00
8.327076386539886244e+00 1.774673889769490387e+01 1.928478143757732799e-01
8.333517814115955602e+00 1.892666523850390448e+01 2.347886486751938673e+00
8.258821360037675419e+00 2.002560207176353657e+01 5.827445868969136633e+00
8.257827151411774480e+00 2.118568707925236794e+01 7.159659606632403639e-01
8.279518353725304536e+00 2.237679819565442330e+01 3.667299300548592988e+00
8.274846262055543633e+00 2.349555295425332346e+01 4.279440365559915804e+00
4.438461300074775018e+00 5.967620628241016023e-01 5.706887102487178787e+00
2.379786887058851264e+01 1.210279502545071395e+01 2.048039598438896380e+00
9.222131913972086537e+00 1.157581956742104845e+00 5.019752069148110785e+00
9.267202586283852739e+00 2.297867145883266016e+00 4.388709007949926466e+00
9.278867904868745242e+00 3.502671098435489405e+00 5.286717443025537477e+00
9.313883479615714833e+00 4.636766373423786725e+00 5.684543410849095757e+00
9.226270334114877514e+00 5.709727836863606854e+00 2.102693988876212394e+00
9.263009510257891321e+00 6.894478852915942646e+00 3.287395169253930050e+00
9.250445857098840818e+00 8.049631361568716059e+00 5.896813990863677191e+00
9.259108844272034844e+00 9.170587029154573244e+00 1.503314061885541619e+00
9.288337477772769191e+00 1.031850092965604659e+01 3.607816759231462278e+00
9.279815738950855319e+00 1.142306559651445497e+01 5.963590926685625959e+00
9.285439357040356612e+00 1.265702674801806005e+01 1.423994790766664353e+00
9.270930488484014020e+00 1.382009150968313804e+01 1.909892693813659781e+00
9.236611985816827186e+00 1.487593699174025197e+01 1.729185632790955496e-01
9.268877821656436922e+00 1.609991975244525975e+01 5.984962284249039755e+00
9.288757446390542682e+00 1.719017467825520029e+01 6.156743086211280414e+00
9.258544696207122726e+00 1.827870014727567849e+01 1.457083792373615738e+00
9.285530417094365774e+00 1.955034245343442834e+01 5.365016475954396569e+00
9.274546989815192433e+00 2.061303948403656960e+01 8.999913579135699893e-01
9.204242784819269829e+00 2.178149614170466819e+01 4.982315137502870694e-01
9.224700779997725419e+00 2.287525929785316592e+01 2.674262795112568813e+00
9.225280126425614569e+00 2.408154237060366754e+01 2.089199529325095561e+00
2.339825280266643759e+01 1.654393589725707159e+01 3.474455368986149040e+00
1.019231791811490240e+01 1.732296510726258898e+00 5.429280283715363531e+00
1.024122015406483932e+01 2.861011106329579334e+00 1.997488990510928319e+00
1.031236370345768272e+01 3.989911546804062237e+00 4.218955464291396673e+00
1.021511911975646747e+01 5.147384501154412817e+00 4.574561901971192057e+00
1.031055925188442934e+01 6.338284572158605634e+00 3.845597174066937463e+00
1.027832687747683593e+01 7.444855400362910380e+00 4.422669648738382642e-01
1.028202584560829713e+01 8.622312648971853122e+00 5.305273969398414557e+00
1.027340255525155754e+01 9.733956157220033489e+00 2.187717980255736272e+00
1.023871474793826053e+01 1.092602193041770242e+01 4.151846519462007556e+00
1.025301053876455626e+01 1.206368608883973792e+01 4.725945980050342499e+00
1.025069387386546360e+01 1.318240555199733599e+01 3.267668636381461766e+00
1.028878134228820329e+01 1.430802795739678679e+01 6.580441404476521372e-01
1.023663786067650783e+01 1.542418147799945238e+01 1.930461573777624729e+00
1.019745293075767201e+01 1.664330345950709145e+01 5.385603496067673746e+00
1.020105646160094715e+01 1.774198446312992772e+01 6.188799384704088524e+00
1.025363410370749939e+01 1.890135004296938703e+01 4.529104953775746067e-01
1.025602945056757953e+01 2.000988150059154691e+01 1.938644949611476737e-02
1.030351389145726060e+01 2.123983780361642104e+01 2.174557389309411004e+00
1.028990626735511249e+01 2.237511384292566419e+01 5.364203010542809125e+00
1.020639357155895866e+01 2.350299758096242542e+01 3.452375776191827228e+00
2.220170193474648279e+00 1.775025892138077099e-01 5.881490908818213237e-01
2.326971574923274844e+01 1.493670931202793817e+01 4.152878395615729801e+00
1.121122469067406868e+01 1.188483885109851812e+00 4.643836669694562325e+00
1.124212210497946351e+01 2.291873654572957886e+00 3.179461667732227603e+00
1.124032836035274485e+01 3.468923320682283595e+00 3.266497962741993444e+00
1.128828751116032691e+01 4.621268548218226080e+00 2.228764933389362657e+00
1.123888841639950797e+01 5.781980061259775816e+00 2.681709791199958559e+00
1.123583719616465970e+01 6.936890319419624085e+00 1.098252820948188546e+00
1.122802653091977731e+01 8.069151842419804765e+00 4.694523140692054675e+00
1.126038333158767912e+01 9.199753540634349136e+00 1.280599746714211618e+00
1.123825217568306378e+01 1.031494548738251282e+01 2.145972624747329860e+00
1.126756029017246341e+01 1.144690466969834119e+01 4.266414505402042145e+00
1.126077761760812734e+01 1.258643609941860753e+01 5.535710620017060268e-01
1.124951285741715878e+01 1.375324746824219169e+01 5.208127580118109279e+00
1.125140877097355130e+01 1.490199341825162982e+01 5.936458097073518125e+00
1.125823811474232805e+01 1.605981935441497654e+01 1.334999329323149464e+00
1.125045981149537511e+01 1.719257586794060089e+01 2.952463671355368025e+00
1.126470614951115579e+01 1.835545530188264252e+01 3.867136245048547138e+00
1.123548800127114689e+01 1.953314249094085397e+01 3.749112624880245104e+00
1.122228822829302075e+01 2.060233172225828824e+01 4.685523745222319292e+00
1.125191868250558258e+01 2.182051596947789207e+01 3.408474546588204035e+00
1.127238514770104771e+01 2.287953334341133527e+01 3.944728692731704900e+00
1.125104707983423147e+01 2.406548946753684604e+01 5.250401745273339138e+00
2.409338481452916270e+01 2.433215078272679577e+01 1.366214759082005070e+00
1.225709360682492033e+01 1.687992096654937324e+00 4.901372623203425150e+00
1.227715689638623964e+01 2.841126680188730269e+00 5.811416451221497859e+00
1.219373813759352920e+01 4.020208017600299222e+00 2.542496211182887489e-01
1.223878293624047409e+01 5.156760884177329807e+00 1.408076716508299686e+00
1.222773406619405456e+01 6.242295752934887254e+00 6.201869610487658946e+00
1.221959462630522353e+01 7.481182097054645652e+00 1.089337104224384234e+00
1.224513278855193121e+01 8.589937089585847119e+00 5.951775574942569591e+00
1.225899900640272122e+01 9.751055802807432116e+00 1.376983335076763737e+00
1.223845837250168778e+01 1.089281625341397053e+01 4.587868639209544241e+00
1.218158332335859662e+01 1.205353225909526671e+01 5.839168643875142450e+00
1.221914399639685733e+01 1.316595433704020301e+01 1.734573546525899568e+00
1.224307824742743378e+01 1.432795235874606377e+01 5.015369407816512748e+00
1.222267275670468045e+01 1.545555817876194027e+01 4.600320283024937673e+00
1.224117078556917804e+01 1.661765260001525135e+01 2.906227671665613688e+00
1.223863639014045468e+01 1.777960090264891591e+01 6.052124289486015662e+00
1.224550683093642789e+01 1.891134293234044605e+01 2.554037802817512026e-01
1.223538787261800209e+01 2.006166131225628391e+01 3.615828443019218685e+00
1.223571685115327057e+01 2.118282352474993857e+01 4.216459621814228953e+00
1.220834801895028576e+01 2.233126976200736280e+01 2.548743826003232904e+00
1.229904363858380734e+01 2.348336799623827176e+01 3.290546838050536937e+00
2.416478226707582522e+01 2.137068725206525244e+00 5.866338560599790419e+00
1.014131349971979290e+01 5.796898686382653265e-01 8.997621442048170382e-01
1.317249609091803464e+01 1.163891263085714556e+00 8.205672876903841173e-01
1.321748172564916324e+01 2.257625641518749671e+00 2.604425577454768881e+00
1.324650043035855873e+01 3.432735140042793898e+00 1.406477428376315286e+00
1.321302825705821427e+01 4.565258123977789850e+00 1.785709806794446353e+00
1.327153972312546593e+01 5.722659108458875821e+00 1.366941090348627874e+00
1.319129572288515284e+01 6.893803007024389196e+00 2.839621396241220896e+00
1.320649956958946269e+01 7.987718568316549472e+00 1.753549353880843764e+00
1.324702450531820652e+01 9.162248406715400861e+00 4.008103034617164440e+00
1.323939161731148850e+01 1.030771155445920684e+01 4.793518533985983987e-02
1.326604983558797102e+01 1.144936774288186676e+01 5.819969978569612401e+00
1.321511133384889902e+01 1.261965927116571251e+01 5.944452371203119867e+00
1.329882516924963376e+01 1.377580087110303175e+01 3.162186246140075152e+00
1.329386950146798974e+01 1.490634808057393812e+01 5.343307871765191841e+00
1.318171639142838814e+01 1.602278385072146705e+01 1.420511454383767358e+00
1.320766853632811610e+01 1.717866751322953434e+01 1.942544288233945871e+00
1.318819902153033219e+01 1.828478685063491582e+01 1.958967123853167180e+00
1.323144636698461696e+01 1.948633842422532325e+01 4.130795648108760432e+00
1.323523487736113502e+01 2.063300539487941165e+01 5.874872596246792256e+00
1.318992462385010533e+01 2.178948636828494401e+01 1.968363876512881250e+00
1.326409032196985471e+01 2.290442720298207391e+01 9.568109084830490607e-01
1.324379363737461013e+01 2.400047057376427873e+01 4.090557725329178496e+00
1.221153487901369239e+01 2.458345292396402115e+01 5.383164878470508619e+00
1.423237166177151813e+01 1.652875012959399648e+00 3.951410054509029379e+00
1.425832115297679259e+01 2.814576226746011489e+00 3.604131743580964109e+00
1.423162492516433097e+01 4.017475449901561468e+00 4.534598346371947031e+00
1.422632337700071226e+01 5.126531711976286765e+00 5.620264884886389645e+00
1.428818554260226392e+01 6.339031213502074991e+00 3.549229770998211908e+00
1.429702798933261576e+01 7.446524040888259144e+00 2.929644648938980467e+00
1.424138919844864759e+01 8.643143564751586183e+00 3.717024466711422281e+00
1.421959054101472120e+01 9.722572422790321411e+00 5.097990827558375460e-02
1.424696748996828255e+01 1.090254102561618943e+01 2.693274444011425572e+00
1.421089188524381974e+01 1.203334203032187588e+01 4.275366336195791206e+00
1.424453080942237548e+01 1.316756094079926598e+01 4.713703091257040456e-01
1.425884073668973429e+01 1.427006360167884758e+01 5.157302765933387434e+00
1.427014762365763012e+01 1.552909721712622293e+01 5.654651905002477719e+00
1.417268479704826412e+01 1.660056468534292407e+01 2.589440670847265924e+00
1.420118778014536076e+01 1.773030502941314523e+01 4.658877081950517862e+00
1.422388194450442533e+01 1.891131124213263703e+01 5.413063292395722037e+00
1.423603355826758943e+01 2.007173585322354370e+01 6.160691721034510238e+00
1.427955747488126725e+01 2.117335774137370663e+01 3.060170523223670891e+00
1.422193842328707802e+01 2.232937441966689462e+01 3.668401940488158708e+00
1.426479830343473765e+01 2.349111201041669972e+01 2.287516593071291293e+00
8.132256524708155965e+00 2.469938534559301857e+01 3.468726287067848801e+00
1.383577258425384748e+01 3.257248240879704326e-01 1.759155436717010801e+00
1.518625683914901536e+01 1.109686060981850186e+00 4.448765051065749709e+00
1.528516703570434920e+01 2.317867532076302250e+00 3.671283599803886855e+00
1.518874696488051335e+01 3.392142368319437828e+00 4.344853308008093329e+00
1.522055157181725349e+01 4.584839139281404741e+00 1.989714238597376950e+00
1.518049895928498927e+01 5.683230728480372917e+00 1.405240670506994333e-02
1.525217620013530251e+01 6.861713887770446441e+00 3.950580440470238486e+00
1.529226804586007482e+01 8.019339221321446942e+00 1.161985970738488722e-01
1.526587907414612744e+01 9.183697941654910935e+00 2.913180516911970663e-01
1.516174915983812355e+01 1.032240582222509850e+01 9.074498489123321576e-01
1.522656524285866908e+01 1.140838813893588188e+01 5.875564253566636919e-02
1.516693836810067708e+01 1.263426960636894769e+01 2.308413529398533726e+00
1.520091431709236218e+01 1.368434872651219081e+01 2.700451315094810845e+00
1.521860156854313573e+01 1.490020438948486969e+01 4.494455705669125223e+00
1.522503024484015910e+01 1.603310750581634636e+01 4.758254888788745696e+00
1.522119907463944877e+01 1.714332836975055585e+01 5.727786834614786216e+00
1.520027910098442447e+01 1.834021735907940709e+01 4.789603775995249002e+00
1.522166913274827316e+01 1.947566916411997795e+01 5.253128558120258695e+00
1.522782647659857957e+01 2.062415268001075930e+01 2.954990044432259211e+00
1.517980320348333834e+01 2.180040659069635467e+01 3.215369142466490526e+00
1.522041716332781647e+01 2.293317402740817101e+01 1.295154365501418825e+00
1.525930770954306759e+01 2.409867366949704959e+01 3.659265371616234219e+00
2.338868491173889907e+01 2.021532367563358079e+01 3.737594234958752093e-01
1.622486283005214958e+01 1.717588432521469644e+00 1.891604558058816332e+00
1.621369911747046189e+01 2.866408458692528249e+00 5.937091563621267554e+00
1.622043212602389417e+01 3.988334163154841683e+00 4.957805915476826364e+00
1.619124992512846717e+01 5.186533122074565405e+00 1.949137527604179132e+00
1.625343492561342629e+01 6.329462138688412232e+00 4.829389655837167616e+00
1.618739760566104025e+01 7.388686376891144825e+00 3.563972699528378918e+00
1.617456800988096433e+01 8.578623398467302152e+00 4.127704029496156224e+00
1.623846588605274377e+01 9.677597747726810695e+00 1.787632550885371208e+00
1.617211987602493650e+01 1.090500601208109188e+01 5.119237679445810763e+00
1.620937473569260234e+01 1.204535222521116111e+01 3.682947824629715150e+00
1.616717686434847678e+01 1.321190490356694980e+01 3.018685393098519576e+00
1.620897968453799365e+01 1.434988001694440030e+01 3.178656336837190288e+00
1.614923958154252404e+01 1.545876216617225118e+01 1.922180595834429351e+00
1.620992605115321439e+01 1.661857818787653329e+01 5.166266841721344427e+00
1.620779983197914120e+01 1.775176356709007308e+01 1.873406303159433017e+00
1.621236878181098362e+01 1.891903787958841932e+01 5.134915817941485550e-01
1.620426253889992196e+01 2.007911666394226202e+01 2.112253058590995991e+00
1.624656300205673887e+01 2.121557495113459524e+01 5.242035995290655670e+00
1.619634675064301277e+01 2.234675359895213376e+01 2.583659356255159523e+00
1.616352284723887323e+01 2.352581562098874457e+01 2.354855397371296899e+00
2.307834340674385842e+01 1.856171141941156577e+01 3.224352505288286874e+00
2.429124544636331606e+01 3.461038684312299551e+00 9.306571670826129239e-01
1.717238989490341794e+01 1.164737207069010294e+00 1.121023210992949881e+00
1.720563888282666909e+01 2.294286298425380455e+00 3.023517447741189912e+00
1.720617691771439084e+01 3.438505625184323122e+00 4.835602974048144986e+00
1.716394039910403535e+01 4.530856142224959804e+00 5.571316052570259636e+00
1.720541259898101316e+01 5.736443299435947552e+00 2.338163255347764924e+00
1.722826614015400892e+01 6.895082580183819587e+00 2.194566623781114334e+00
1.717748295680573989e+01 8.027022074367515359e+00 1.457401583922434796e+00
1.720914979846144988e+01 9.164593203914046526e+00 4.924868641459616114e+00
1.725066817696183108e+01 1.034635101415080705e+01 4.159752205683897586e+00
1.726317704307885492e+01 1.149751923197176673e+01 4.560265512636264340e+00
1.718702005903912067e+01 1.257357397045035441e+01 4.198618349778629799e+00
1.721163406314457944e+01 1.376901646345917563e+01 3.766085340550330840e-01
1.720384306711109090e+01 1.490468856945895304e+01 4.872667171574795120e+00
1.720577511437016582e+01 1.604731522214135353e+01 3.857168050452614239e+00
1.715966765194925614e+01 1.714573492211546224e+01 3.795449630589281309e+00
1.721285217176255955e+01 1.833528377126597420e+01 4.634772784182275451e+00
1.715067837022123953e+01 1.952643480443001778e+01 2.462335217818611088e+00
1.720855303749747378e+01 2.063227897627325191e+01 3.826010820117159206e+00
1.717483704157367796e+01 2.175083260190884360e+01 4.493904615720340168e+00
1.717868732746721960e+01 2.299046596721585090e+01 1.653314513267516883e+00
1.720321480115203627e+01 2.407061868751599931e+01 4.086639899468050174e+00
1.614836835234093115e+01 2.406780122640623798e-01 1.518496505865691293e-01
1.823070541676128897e+01 1.733836565324752499e+00 1.016142080595371783e-01
1.817573482128221940e+01 2.880339967657866485e+00 1.024718481633232869e+00
1.825376178778205016e+01 4.056349009035852937e+00 9.264150102445709578e-01
1.819753406877726931e+01 5.160482057648970056e+00 4.918338043974382678e+00
1.817152024117146780e+01 6.315845797506598025e+00 2.390405582324894418e+00
1.819058626121811884e+01 7.463246288097032277e+00 4.945457142232442038e+00
1.819483486936232097e+01 8.600844396604999886e+00 5.653436632169079878e-01
1.819476492069351181e+01 9.755479250039215344e+00 2.346929437115210959e+00
1.815598726622605241e+01 1.090547570189619542e+01 5.136585571350358315e-01
1.814730197030847592e+01 1.204015085718016032e+01 3.366538985757420388e+00
1.826366300065651060e+01 1.318409185990974564e+01 1.690725198823250119e+00
1.816142942869894483e+01 1.436963369314109151e+01 9.714764550252824593e-01
1.817325626748624146e+01 1.552107658970126280e+01 4.106323286786123461e+00
1.818755507321550979e+01 1.669024723085361828e+01 6.231553985797281037e+00
1.820338658807266441e+01 1.775437952435475353e+01 4.573721047926688321e+00
1.821615284968484971e+01 1.891381178926922146e+01 4.817824380560570496e+00
1.818549235863831015e+01 2.006692603769210237e+01 4.001888271188776436e+00
1.814520830796777062e+01 2.122681676527314920e+01 4.167941960173142668e+00
1.818348172726702572e+01 2.235389225036358951e+01 1.896969594443503881e+00
1.821004159600927252e+01 2.349879572320606158e+01 3.691647162240963009e+00
2.412283207208352209e+01 1.577705880521809334e+01 4.590436318902618495e+00
1.819920402093800860e+01 4.192854865032679124e-01 3.043969227720084270e+00
1.915848289357334622e+01 1.112418161818430118e+00 2.809566256912257476e+00
1.923471556506550328e+01 2.318262725544667280e+00 3.745926575507942502e+00
1.923401464348095402e+01 3.390951124847183085e+00 2.085365098689260233e+00
1.920439974073244827e+01 4.571259803902117724e+00 5.435397680288719613e+00
1.918097840674176169e+01 5.729068552701205519e+00 4.931068411940463747e+00
1.923135882673940955e+01 6.856701457829858626e+00 9.979885393564439378e-01
1.918615286677294307e+01 8.026831099021631388e+00 2.759780873177625438e+00
1.914868367240604741e+01 9.176419420318643105e+00 1.378478583932229107e+00
1.919782940754704725e+01 1.031781589892221795e+01 5.209855702573051861e-01
1.921476810833107507e+01 1.144852508814679304e+01 4.023206600392288834e+00
1.916358892015565729e+01 1.254572424708763023e+01 3.897371376418798050e+00
1.912910127338555100e+01 1.373330285913093185e+01 4.957551545343735100e+00
1.921008313319100225e+01 1.489421429417380160e+01 4.959185930032198542e+00
1.918941478540233092e+01 1.610569310044747127e+01 2.627526754766377870e+00
1.919241022728560964e+01 1.718718161752944340e+01 4.002847868024856481e+00
1.917144204248145201e+01 1.831702754483393036e+01 1.922320333535731507e+00
1.914005938243005289e+01 1.950226468497295684e+01 1.134136485777897496e+00
1.914023078859125349e+01 2.061564122110111796e+01 3.147644984841858395e+00
1.917833620152487484e+01 2.178100163382264043e+01 3.347581212384317606e+00
1.914218105402020242e+01 2.287683831428240566e+01 4.114259458598765740e+00
1.917252934928675856e+01 2.412460243391744541e+01 2.778011919435471988e+00
2.414172359870453377e+01 1.093517843750143470e+01 3.297826731664428301e+00
2.018030090967625867e+01 1.682857479144838297e+00 1.696412074898339339e+00
2.015369470669264729e+01 2.867532515240900803e+00 7.709039696494074390e-01
2.021206455402888835e+01 3.980818922516830227e+00 2.017160670909365017e+00
2.023261843960902340e+01 5.163632901490715632e+00 6.056082101246216709e+00
2.024113537057951362e+01 6.345550869051908016e+00 8.084495465835417338e-01
2.024388282422303220e+01 7.483084545377829855e+00 2.469149216959614646e-01
2.015001166607149230e+01 8.589229799108913710e+00 4.993864968960524564e+00
2.015058456701719791e+01 9.769046312543789412e+00 3.102334284498240891e+00
2.016074002917677888e+01 1.088336443991066638e+01 3.335008943945706239e+00
2.019857057555877233e+01 1.205979276009268553e+01 1.098192609632316463e+00
2.019684030367122674e+01 1.323616923296227910e+01 2.916011965107223158e+00
2.023434840399145429e+01 1.433300262185840523e+01 3.674979180005463419e+00
2.015371353071179072e+01 1.546600881950104345e+01 8.429414682476804588e-01
2.013257672731909764e+01 1.665082323152070387e+01 3.991832612656410095e+00
2.018974600474184911e+01 1.773538709669407254e+01 5.542171482730383403e+00
2.017402405435123924e+01 1.889248617872218006e+01 6.172441526438494641e+00
2.024756471217327203e+01 2.005323239812397418e+01 2.970429439754170176e+00
2.016380868750040634e+01 2.116365744739812271e+01 5.319278624311660764e+00
2.023891292636282557e+01 2.234104808396080699e+01 6.127521418572454692e+00
2.016434705711394315e+01 2.347176865532073720e+01 4.043253503568755569e+00
2.405193115137670645e+01 2.209522705392801001e+01 5.961699865576584934e+00
2.423421613866753432e+01 5.735160979173037354e+00 1.711150947909849007e+00
2.117649160480294768e+01 1.146213890549573788e+00 2.256266409973304299e+00
2.112550773214099564e+01 2.288319411769809353e+00 5.572545981179951591e-01
2.120907088948040808e+01 3.471073263291029054e+00 5.483111844443815386e+00
2.115444465402512364e+01 4.573680479485625838e+00 5.760309552203147554e+00
2.115399308679402424e+01 5.741303043827602259e+00 6.163336345104315050e+00
2.119726730204946108e+01 6.850015157650834574e+00 4.206520168912489588e+00
2.114112784040734994e+01 8.061185896206744417e+00 1.354788022146071746e+00
2.120791168889916278e+01 9.178017661832443608e+00 3.055527760598914622e+00
2.119911659489596545e+01 1.030425830257664899e+01 2.487491070564953333e+00
2.119443190664875587e+01 1.148072548606548438e+01 4.337364256495703785e+00
2.117762142553167948e+01 1.260969011731097744e+01 3.118095437864428554e+00
2.117803082702398498e+01 1.379602429159695909e+01 4.982979537529211633e+00
2.118072834975319907e+01 1.490282590585345979e+01 5.975161390943285689e+00
2.115237499524410936e+01 1.610181356245304229e+01 4.843812438761170847e-01
2.114509208514975214e+01 1.718844656290816886e+01 6.275851114828600030e-01
2.120323685939505509e+01 1.833442530516814273e+01 3.731927642293880076e+00
2.120137610815834250e+01 1.947320493600740932e+01 3.491223192409970366e+00
2.119335564336252986e+01 2.068425811262216385e+01 1.460596050743408592e+00
2.116013754577276984e+01 2.184400152305972043e+01 3.705615762244800049e+00
2.115753649062348529e+01 2.293695996726989605e+01 4.000130520080681151e+00
2.117845014863191722e+01 2.407090702317186270e+01 4.007018184487202817e+00
2.017367061107836790e+01 8.274020967847316166e-02 5.822237091203766646e+00
2.217133124862471050e+01 1.725431204186911760e+00 1.347697155492639798e+00
2.217806825124788261e+01 2.853290579511294389e+00 2.327840118447473738e+00
2.218260643291724321e+01 4.052600449137708338e+00 3.184192026372552942e+00
2.211604722878185214e+01 5.178478705009020189e+00 2.867994462000419187e+00
2.218677215365810440e+01 6.341959967121119313e+00 1.718558698116136041e+00
2.218251264613749285e+01 7.448956737451093879e+00 1.208915324216632614e+00
2.215430138340311572e+01 8.642731966612585026e+00 6.051093375111254780e+00
2.216579955067270546e+01 9.745087236166765976e+00 7.238444138994291066e-01
2.221741229338176993e+01 1.092198239200877552e+01 2.534184222812807974e+00
2.217985951651099796e+01 1.198901942051488945e+01 2.043134357653017652e+00
2.214165215066432779e+01 1.314535297317676310e+01 3.216339671458616323e+00
2.217328723964921622e+01 1.432654781637989139e+01 3.027023123943490379e+00
2.216773255456924119e+01 1.546763719478151522e+01 3.071847247933943148e+00
2.219847723453297661e+01 1.666429311501987698e+01 1.984289817342762330e+00
2.217130908617019358e+01 1.781307566481572735e+01 1.500168787056598729e+00
2.211558864179054495e+01 1.887137957231222529e+01 5.813561848682383015e+00
2.212031767537845894e+01 2.003828185536067963e+01 5.774325450266653448e+00
2.210817279227137178e+01 2.121062224464065338e+01 5.045377675353782898e+00
2.216611779272003346e+01 2.234752554155447513e+01 3.735708509450961223e+00
2.217564794460639277e+01 2.349032733628261127e+01 5.947451336679371536e+00
2.319627838766108141e+01 1.127681787920700351e+01 4.609600184484138552e+00
2.311398444547823416e+01 1.794197790985060242e-02 4.484399666885501845e-01
2.315642268298438822e+01 1.168844273733715022e+00 9.458526154496017524e-01
2.317756721747439030e+01 2.343322165494251763e+00 2.650184566932022534e+00
2.316081446655678278e+01 3.436234381145458094e+00 3.208642896210686102e-01
2.318784501507268914e+01 4.544923656882414065e+00 3.993929029851199797e+00
2.316573993514752416e+01 5.754414698146851137e+00 5.684505931197284312e+00
